# Print neighbouring fields of the ball height offline
# (foreground run, transcript line 900)
--- input (line 899) ---
python -c @"
import numpy as np, struct
z = np.load(r'<session scratchpad>\cap-60.npz')
lo = int(z['lo']); snaps = z['snaps']; labels = list(z['labels'])
f = snaps.view(np.float32)
def show(a0, a1):
    print('addr      ' + ' '.join(f'{int(t):>9d}' for t in labels))
    for a in range(a0, a1, 4):
        i = (a - lo) // 4
        col = f[:, i]
        if np.all(snaps[:, i] == snaps[0, i]) and not (0.0 < abs(col[0]) < 1e5):
            continue
        print(f'{a:08X}  ' + ' '.join(f'{v:9.2f}' if np.isfinite(v) and abs(v) < 1e7 else f'{snaps[j, i]:09X}' for j, v in enumerate(col)))
print('---- 0037EC00..0037ECC0')
show(0x0037EC00, 0x0037ECC0)
print('---- 0037EE80..0037EF40')
show(0x0037EE80, 0x0037EF40)
"@
--- result ---
---- 0037EC00..0037ECC0

addr             -7        -4        -1        16        24        28        32        36        40        48        56        64        80       100

0037EC00       0.00      0.00      0.00      0.00      0.00      0.00      0.00      0.00      0.00      0.00      0.00      0.00      0.00      0.00

0037EC04       0.00      0.00      0.00      0.00      0.00      0.00      0.00      0.00      0.00      0.00      0.00      0.00      0.00      0.00

0037EC08       0.00      0.00      0.00      0.00      0.00      0.00      0.00      0.00      0.00      0.00      0.00      0.00      0.00      0.00

0037EC18       0.00      0.00      0.00      0.00      0.00      0.00      0.00      0.00      0.00      0.00      0.00      0.00      0.00      0.00

0037EC20       0.00      0.00      0.00      0.00      0.00      0.00      0.00      0.00      0.00      0.00      0.00      0.00      0.00      0.00

0037EC30     704.82    704.82    704.82    704.82    704.82    704.82    701.81    701.81    701.81    701.81    701.81    736.50    742.92    742.92

0037EC34     506.22    506.22    506.22    506.22    506.22    418.49    332.88    302.63    295.07    305.56    342.20    404.96    511.36    507.15

0037EC38   -2646.31  -2646.31  -2646.31  -2646.31  -2646.31  -2646.31  -2659.99  -2659.99  -2659.99  -2659.99  -2659.99  -2659.98  -2659.98  -2659.98

0037EC3C       1.00      1.00      1.00      1.00      1.00      1.00      1.00      1.00      1.00      1.00      1.00      1.00      1.00      1.00

0037EC44       1.00      1.00      1.00      1.00      1.00      1.00      1.00      1.00      1.00      1.00      1.00      1.00      1.00      1.00

0037EC48       0.00      0.00      0.00      0.00      0.00      0.00      0.00      0.00      0.00      0.00      0.00      0.00      0.00      0.00

0037EC50       0.00      0.00      0.00      0.00      0.00      0.00      0.00      0.00      0.00      0.00      0.00      0.00      0.00      0.00

0037EC54      -0.00     -0.00     -0.00     -0.00     -0.00     -0.00     -0.00     -0.00     -0.00     -0.00     -0.00     -0.00     -0.00     -0.00

0037EC58       1.00      1.00      1.00      1.00      1.00      1.00      1.00      1.00      1.00      1.00      1.00      1.00      1.00      1.00

0037EC60       1.00      1.00      1.00      1.00      1.00      1.00      1.00      1.00      1.00      1.00      1.00      1.00      1.00      1.00

0037EC64       0.00      0.00      0.00      0.00      0.00      0.00      0.00      0.00      0.00      0.00      0.00      0.00      0.00      0.00

0037EC68      -0.00     -0.00     -0.00     -0.00     -0.00     -0.00     -0.00     -0.00     -0.00     -0.00     -0.00     -0.00     -0.00     -0.00

0037EC70    2646.17   2646.17   2646.17   2646.17   2646.17   2646.19   2659.90   2659.91   2659.91   2659.91   2659.90   2659.88   2659.84   2659.85

0037EC74    -704.78   -704.78   -704.78   -704.78   -704.78   -704.79   -701.78   -701.79   -701.79   -701.79   -701.78   -736.47   -742.88   -742.89

0037EC7C       1.00      1.00      1.00      1.00      1.00      1.00      1.00      1.00      1.00      1.00      1.00      1.00      1.00      1.00

0037EC80      80.00     80.00     80.00     80.00     80.00     80.00     80.00     80.00     80.00     80.00     80.00     80.00     80.00     80.00

0037EC84     120.00    120.00    120.00    120.00    120.00    124.96    124.96    124.96    124.96    124.96    124.96    124.96    110.90    120.00

0037EC88      80.00     80.00     80.00     80.00     80.00     80.00     80.00     80.00     80.00     80.00     80.00     80.00     80.00     80.00

0037EC90      39.98     39.98     39.98     39.98     39.98     39.98     39.98     39.98     39.98     39.98     39.98     39.98     39.99     39.98

0037EC94      40.00     40.00     40.00     40.00     40.00     40.00     40.00     40.00     40.00     40.00     40.00     40.00     40.00     40.00

0037EC98  04B18983E 04B18983E 04B18983E 04B18983E 04B18983E 04B1897E4 04B18978F 04B189770 04B189769 04B189773 04B189798 04B1897D7 04B189848 04B18983F

0037EC9C       1.00      1.00      1.00      1.00      1.00      1.00      1.00      1.00      1.00      1.00      1.00      1.00      1.00      1.00

0037ECA0  04B189879 04B189879 04B189879 04B189879 04B189879 04B189821 04B1897CB 04B1897AD 04B1897A6 04B1897B0 04B1897D5 04B189813 04B18987E 04B18987A

0037ECB4  04B189879 04B189879 04B189879 04B189879 04B189879 04B189821 04B1897CB 04B1897AD 04B1897A6 04B1897B0 04B1897D5 04B189813 04B18987E 04B18987A

---- 0037EE80..0037EF40

addr             -7        -4        -1        16        24        28        32        36        40        48        56        64        80       100

0037EE80  04D9ED1AE 04D9ED1AE 04D9ED1AE 04D9ED1AE 04D9ED1AE 04D9ED0F0 04D9FA00E 04D9F9FCD 04D9FA00D 04D9FA00E 04D9F9F8F 04D9FA06B 04D9FA1E4 04D9FA0E3

0037EE84  0CC9D2C38 0CC9D2C38 0CC9D2C38 0CC9D2C38 0CC9D2C38 0CC9D2BF2 0CC9C75ED 0CC9C75ED 0CC9C75CB 0CC9C75EC 0CC9C75DC 0CCA4AA80 0CCA62FE9 0CCA62F66

0037EE88  04B189AE2 04B189AE2 04B189AE2 04B189AE2 04B189AE2 04B189A55 04B1899C4 04B189992 04B189986 04B189997 04B1899D5 04B189A3E 04B189AE1 04B189AE4

0037EE90       0.00      0.00      0.00      0.00      0.00      0.00      0.00      0.00      0.00      0.00      0.00      0.00      0.00      0.00

0037EE98       0.00      0.00      0.00      0.00      0.00      0.00      0.00      0.00      0.00      0.00      0.00      0.00      0.00      0.00

0037EEA0       0.00      0.00      0.00      0.00      0.00      0.00      0.00      0.00      0.00      0.00      0.00      0.00      0.00      0.00

0037EEB0     664.82    664.82    664.82    664.82    664.82    664.82    661.81    661.81    661.81    661.81    661.81    696.50    702.92    702.92

0037EEB4     446.22    446.22    446.22    446.22    446.22    356.01    270.40    240.15    232.59    243.08    279.72    342.48    455.90    447.15

0037EEB8   -2686.31  -2686.31  -2686.31  -2686.31  -2686.31  -2686.31  -2699.99  -2699.99  -2699.99  -2699.99  -2699.99  -2699.98  -2699.98  -2699.98

0037EEBC       1.00      1.00      1.00      1.00      1.00      1.00      1.00      1.00      1.00      1.00      1.00      1.00      1.00      1.00

0037EEC0     664.82    664.82    664.82    664.82    664.82    664.82    661.81    661.81    661.81    661.81    661.81    696.50    702.92    702.92

0037EEC4     566.22    566.22    566.22    566.22    566.22    480.97    395.36    365.12    357.55    368.04    404.68    467.44    566.81    567.15

0037EEC8   -2686.31  -2686.31  -2686.31  -2686.31  -2686.31  -2686.31  -2699.99  -2699.99  -2699.99  -2699.99  -2699.99  -2699.98  -2699.98  -2699.98

0037EECC       1.00      1.00      1.00      1.00      1.00      1.00      1.00      1.00      1.00      1.00      1.00      1.00      1.00      1.00

0037EED0     744.82    744.82    744.82    744.82    744.82    744.82    741.81    741.81    741.81    741.81    741.81    776.50    782.92    782.92

0037EED4     566.22    566.22    566.22    566.22    566.22    480.97    395.36    365.12    357.55    368.04    404.68    467.44    566.81    567.15

0037EED8   -2686.31  -2686.31  -2686.31  -2686.31  -2686.31  -2686.31  -2699.99  -2699.99  -2699.99  -2699.99  -2699.99  -2699.98  -2699.98  -2699.98

0037EEDC       1.00      1.00      1.00      1.00      1.00      1.00      1.00      1.00      1.00      1.00      1.00      1.00      1.00      1.00

0037EEE0     744.82    744.82    744.82    744.82    744.82    744.82    741.81    741.81    741.81    741.81    741.81    776.50    782.92    782.92

0037EEE4     446.22    446.22    446.22    446.22    446.22    356.01    270.40    240.15    232.59    243.08    279.72    342.48    455.90    447.15

0037EEE8   -2686.31  -2686.31  -2686.31  -2686.31  -2686.31  -2686.31  -2699.99  -2699.99  -2699.99  -2699.99  -2699.99  -2699.98  -2699.98  -2699.98

0037EEEC       1.00      1.00      1.00      1.00      1.00      1.00      1.00      1.00      1.00      1.00      1.00      1.00      1.00      1.00

0037EEF0     664.82    664.82    664.82    664.82    664.82    664.82    661.81    661.81    661.81    661.81    661.81    696.50    702.92    702.92

0037EEF4     446.22    446.22    446.22    446.22    446.22    356.01    270.40    240.15    232.59    243.08    279.72    342.48    455.90    447.15

0037EEF8   -2606.31  -2606.31  -2606.31  -2606.31  -2606.31  -2606.31  -2619.99  -2619.99  -2619.99  -2619.99  -2619.99  -2619.98  -2619.98  -2619.98

0037EEFC       1.00      1.00      1.00      1.00      1.00      1.00      1.00      1.00      1.00      1.00      1.00      1.00      1.00      1.00

0037EF00     664.82    664.82    664.82    664.82    664.82    664.82    661.81    661.81    661.81    661.81    661.81    696.50    702.92    702.92

0037EF04     566.22    566.22    566.22    566.22    566.22    480.97    395.36    365.12    357.55    368.04    404.68    467.44    566.81    567.15

0037EF08   -2606.31  -2606.31  -2606.31  -2606.31  -2606.31  -2606.31  -2619.99  -2619.99  -2619.99  -2619.99  -2619.99  -2619.98  -2619.98  -2619.98

0037EF0C       1.00      1.00      1.00      1.00      1.00      1.00      1.00      1.00      1.00      1.00      1.00      1.00      1.00      1.00

0037EF10     744.82    744.82    744.82    744.82    744.82    744.82    741.81    741.81    741.81    741.81    741.81    776.50    782.92    782.92

0037EF14     566.22    566.22    566.22    566.22    566.22    480.97    395.36    365.12    357.55    368.04    404.68    467.44    566.81    567.15

0037EF18   -2606.31  -2606.31  -2606.31  -2606.31  -2606.31  -2606.31  -2619.99  -2619.99  -2619.99  -2619.99  -2619.99  -2619.98  -2619.98  -2619.98

0037EF1C       1.00      1.00      1.00      1.00      1.00      1.00      1.00      1.00      1.00      1.00      1.00      1.00      1.00      1.00

0037EF20     744.82    744.82    744.82    744.82    744.82    744.82    741.81    741.81    741.81    741.81    741.81    776.50    782.92    782.92

0037EF24     446.22    446.22    446.22    446.22    446.22    356.01    270.40    240.15    232.59    243.08    279.72    342.48    455.90    447.15

0037EF28   -2606.31  -2606.31  -2606.31  -2606.31  -2606.31  -2606.31  -2619.99  -2619.99  -2619.99  -2619.99  -2619.99  -2619.98  -2619.98  -2619.98

0037EF2C       1.00      1.00      1.00      1.00      1.00      1.00      1.00      1.00      1.00      1.00      1.00      1.00      1.00      1.00

0037EF30       0.00      0.00      0.00      0.00      0.00      0.00      0.00      0.00      0.00      0.00      0.00      0.00      0.00      0.00

0037EF34  124015.73 124015.73 124015.73 124015.73 124015.73 124013.86 124013.16 124012.80 124012.34 124012.82 124013.10 124013.69 124016.42 124014.98

0037EF38      -0.00     -0.00     -0.00     -0.00     -0.00     -0.00     -0.00     -0.00     -0.00     -0.00     -0.00     -0.00     -0.00     -0.00

0037EF3C       0.00      0.00      0.00      0.00      0.00      0.00      0.00      0.00      0.00      0.00      0.00      0.00      0.00      0.00
