# Print Sora's jump height per vsync at both frame rates
# (foreground run, transcript line 3198)
--- input (line 3197) ---
Set-Location "%USERPROFILE%\Documents\GitHub\pcsx2-kh2fm-60fps"
$py = @'
import numpy as np
z = np.load("work/jump-sora.npz")
r, p = z["ref"], z["plain"]
hr, hp = r[0, 1] - r[:, 1], p[0, 1] - p[:, 1]
print("vsync  h30      h60      d30/vsync  d60/vsync   x30      x60      z30       z60")
for t in range(0, 50):
    d30 = hr[t] - hr[t - 1] if t else 0
    d60 = hp[t] - hp[t - 1] if t else 0
    print(f"{t:4d}  {hr[t]:7.2f}  {hp[t]:7.2f}  {d30:8.3f}  {d60:8.3f}   {r[t,0]:8.2f} {p[t,0]:8.2f} {r[t,2]:9.2f} {p[t,2]:9.2f}")
'@
$f = "$env:TEMP\kh2_jump_rows.py"; Set-Content -Path $f -Value $py -Encoding utf8
python $f
--- result ---
vsync  h30      h60      d30/vsync  d60/vsync   x30      x60      z30       z60

   0     0.00     0.00     0.000     0.000     689.70   689.70  -2416.15  -2416.15

   1     0.00     0.00     0.000     0.000     689.70   689.70  -2416.15  -2416.15

   2     0.00     0.00     0.000     0.000     689.70   689.70  -2416.15  -2416.15

   3     0.00     0.00     0.000     0.000     689.70   689.70  -2416.15  -2416.15

   4     0.00     0.00     0.000     0.000     689.70   689.70  -2416.15  -2416.15

   5     0.00     0.00     0.000     0.000     689.70   689.70  -2416.15  -2416.15

   6     0.00     0.00     0.000     0.000     689.70   689.70  -2416.15  -2416.15

   7     0.00     0.00     0.000     0.000     689.70   689.70  -2416.15  -2416.15

   8     0.00     0.00     0.000     0.000     689.70   689.70  -2416.15  -2416.15

   9     0.00     0.00     0.000     0.000     689.70   689.70  -2416.15  -2416.15

  10     0.00     0.00     0.000     0.000     689.70   689.70  -2416.15  -2416.15

  11     0.00     0.00     0.000     0.000     689.70   689.70  -2416.15  -2416.15

  12     0.00     0.00     0.000     0.000     689.70   689.70  -2416.15  -2416.15

  13    30.13    15.14    30.132    15.137     689.70   689.70  -2416.15  -2416.15

  14    30.13    30.13     0.000    14.995     689.70   689.70  -2416.15  -2416.15

  15    59.15    44.85    29.016    14.714     689.70   689.70  -2416.15  -2416.15

  16    59.15    59.15     0.000    14.301     689.70   689.70  -2416.15  -2416.15

  17    86.04    72.91    26.891    13.767     689.70   689.70  -2416.15  -2416.15

  18    86.04    86.04     0.000    13.124     689.70   689.70  -2416.15  -2416.15

  19   110.00    98.42    23.958    12.386     689.70   689.70  -2416.15  -2416.15

  20   110.00   100.81     0.000     2.380     689.70   689.70  -2416.15  -2416.15

  21   114.07   102.49     4.069     1.689     689.70   689.70  -2416.15  -2416.15

  22   114.07   103.30     0.000     0.805     689.70   689.70  -2416.15  -2416.15

  23   115.08   103.51     1.018     0.213     689.70   689.70  -2416.15  -2416.15

  24   115.08   103.53     0.000     0.015     689.70   689.70  -2416.15  -2416.15

  25   114.89   103.32    -0.189    -0.204     689.70   689.70  -2416.15  -2416.15

  26   114.89   102.71     0.000    -0.612     689.70   689.70  -2416.15  -2416.15

  27   113.26   101.69    -1.633    -1.020     689.70   689.70  -2416.15  -2416.15

  28   113.26   100.26     0.000    -1.429     689.70   689.70  -2416.15  -2416.15

  29   110.00    98.42    -3.265    -1.837     689.70   689.70  -2416.15  -2416.15

  30   110.00    96.18     0.000    -2.245     689.70   689.70  -2416.15  -2416.15

  31   105.10    93.53    -4.898    -2.653     689.70   689.70  -2416.15  -2416.15

  32   105.10    90.47     0.000    -3.061     689.70   689.70  -2416.15  -2416.15

  33    98.57    87.00    -6.531    -3.469     689.70   689.70  -2416.15  -2416.15

  34    98.57    83.12     0.000    -3.878     689.70   689.70  -2416.15  -2416.15

  35    90.41    78.83    -8.163    -4.286     689.70   689.70  -2416.15  -2416.15

  36    90.41    74.14     0.000    -4.694     689.70   689.70  -2416.15  -2416.15

  37    80.61    69.04    -9.796    -5.102     689.70   689.70  -2416.15  -2416.15

  38    80.61    63.53     0.000    -5.510     689.70   689.70  -2416.15  -2416.15

  39    69.18    57.61   -11.429    -5.918     689.70   689.70  -2416.15  -2416.15

  40    69.18    51.28     0.000    -6.327     689.70   689.70  -2416.15  -2416.15

  41    56.12    44.55   -13.061    -6.735     689.70   689.70  -2416.15  -2416.15

  42    56.12    37.40     0.000    -7.143     689.70   689.70  -2416.15  -2416.15

  43    41.43    29.85   -14.694    -7.551     689.70   689.70  -2416.15  -2416.15

  44    41.43    21.89     0.000    -7.959     689.70   689.70  -2416.15  -2416.15

  45    25.10    13.53   -16.327    -8.367     689.70   689.70  -2416.15  -2416.15

  46    25.10     4.75     0.000    -8.776     689.70   689.70  -2416.15  -2416.15

  47     7.14     0.00   -17.959    -4.751     689.70   689.70  -2416.15  -2416.15

  48     7.14     0.00     0.000     0.000     689.70   689.70  -2416.15  -2416.15

  49     0.00     0.00    -7.140     0.000     689.70   689.70  -2416.15  -2416.15
