# Print Sora's horizontal motion channels per vsync during the air combo
# (foreground run, transcript line 3360)
--- input (line 3352) ---
Set-Location "%USERPROFILE%\Documents\GitHub\pcsx2-kh2fm-60fps"
$py = @'
import numpy as np
z = np.load("work/ot-aircombo.npz")
offs = [0x540, 0x20, 0x5A0, 0x850, 0x860, 0x8A4, 0xBD0, 0xBE0, 0xBF0, 0x170]
for arm in ("30", "60"):
    b = z[f"{arm}_block"]
    with np.errstate(all="ignore"):
        f = b.view("<f4").astype(np.float64)
    i = b.view("<i4")
    t = z[f"{arm}_ticks"]
    print(f"===== arm {arm}")
    print("  v tick      " + " ".join(f"{('+%03X' % o):>9}" for o in offs) + "   dx/vsync")
    for v in range(18, 72):
        dx = f[v, 0x540 // 4] - f[v - 1, 0x540 // 4]
        cells = []
        for o in offs:
            if o == 0x170:
                cells.append(f"{int(i[v, o // 4]):9d}")
            else:
                cells.append(f"{f[v, o // 4]:9.3f}")
        print(f"  {v:2d} {t[v]:4d}  " + " ".join(cells) + f"   {dx:8.3f}")
'@
$f = "$env:TEMP\kh2_aircombo_rows.py"; Set-Content -Path $f -Value $py -Encoding utf8
python $f
--- result ---
===== arm 30

  v tick           +540      +020      +5A0      +850      +860      +8A4      +BD0      +BE0      +BF0      +170   dx/vsync

  18  575    689.696     0.000     0.000     0.000     0.000     0.000 -1981.586   128.697  -528.824 1090519040      0.000

  19  576    689.696     0.000     0.000     0.000     0.000     0.000 -1979.966   149.245  -529.492 1092616192      0.000

  20  576    689.696     0.000     0.000     0.000     0.000     0.000 -1979.966   149.245  -529.492 1092616192      0.000

  21  577    689.696     0.000     0.000     0.000     0.000     0.000 -1978.408   167.123  -529.974 1094713344      0.000

  22  577    689.696     0.000     0.000     0.000     0.000     0.000 -1978.408   167.123  -529.974 1094713344      0.000

  23  578    689.696     0.000     0.000     0.000     0.000     0.000 -1977.502   176.185  -530.418 1073741824      0.000

  24  578    689.696     0.000     0.000     0.000     0.000     0.000 -1977.502   176.185  -530.418 1073741824      0.000

  25  579    689.696     0.000     0.000     0.000     0.000     0.000 -1977.221   178.031  -530.852 1082130432      0.000

  26  579    689.696     0.000     0.000     0.000     0.000     0.000 -1977.221   178.031  -530.852 1082130432      0.000

  27  580    699.900     5.102    10.204     5.102     5.102     0.000 -1978.550   178.715  -525.642         0     10.204

  28  580    699.900     5.102    10.204     5.102     5.102     0.000 -1978.550   178.715  -525.642         0      0.000

  29  581    709.594     4.847     9.694     4.847     4.847     0.000 -1980.814   177.771  -517.372 1073741824      9.694

  30  581    709.594     4.847     9.694     4.847     4.847     0.000 -1980.814   177.771  -517.372 1073741824      0.000

  31  582    718.803     4.605     9.209     4.605     4.605     0.000 -1983.585   174.469  -507.790 1082130432      9.209

  32  582    718.803     4.605     9.209     4.605     4.605     0.000 -1983.585   174.469  -507.790 1082130432      0.000

  33  583    727.552     4.374     8.749     4.374     4.374     0.000 -1986.539   168.868  -498.044 1086324736      8.749

  34  583    727.552     4.374     8.749     4.374     4.374     0.000 -1986.539   168.868  -498.044 1086324736      0.000

  35  584    735.863     4.156     8.311     4.156     4.156     0.000 -1989.419   161.718  -488.834 1090519040      8.311

  36  584    735.863     4.156     8.311     4.156     4.156     0.000 -1989.419   161.718  -488.834 1090519040      0.000

  37  585    743.759     3.948     7.896     3.948     3.948     0.000 -1992.076   153.584  -480.567 1092616192      7.896

  38  585    743.759     3.948     7.896     3.948     3.948     0.000 -1992.076   153.584  -480.567 1092616192      0.000

  39  586    751.259     3.750     7.501     3.750     3.750     0.000 -1994.453   144.537  -473.460 1094713344      7.501

  40  586    751.259     3.750     7.501     3.750     3.750     0.000 -1994.453   144.537  -473.460 1094713344      0.000

  41  587    758.385     3.563     7.126     3.563     3.563     0.000 -1996.528   134.661  -467.591 1096810496      7.126

  42  587    758.385     3.563     7.126     3.563     3.563     0.000 -1996.528   134.661  -467.591 1096810496      0.000

  43  588    765.155     3.385     6.770     3.385     3.385     0.000 -1998.299   124.041  -462.939 1098907648      6.770

  44  588    765.155     3.385     6.770     3.385     3.385     0.000 -1998.299   124.041  -462.939 1098907648      0.000

  45  589    771.586     3.216     6.431     3.216     3.216     0.000 -1999.778   112.761  -459.429 1099956224      6.431

  46  589    771.586     3.216     6.431     3.216     3.216     0.000 -1999.778   112.761  -459.429 1099956224      0.000

  47  590    777.695     3.055     6.110     3.055     3.055     0.000 -2000.978   100.893  -456.953 1101004800      6.109

  48  590    777.695     3.055     6.110     3.055     3.055     0.000 -2000.978   100.893  -456.953 1101004800      0.000

  49  591    783.499     2.902     5.804     2.902     2.902     0.000 -2001.920    88.505  -455.394 1102053376      5.804

  50  591    783.499     2.902     5.804     2.902     2.902     0.000 -2001.920    88.505  -455.394 1102053376      0.000

  51  592    789.013     2.757     5.514     2.757     2.757     0.000 -2002.620    75.656  -454.633 1103101952      5.514

  52  592    789.013     2.757     5.514     2.757     2.757     0.000 -2002.620    75.656  -454.633 1103101952      0.000

  53  593    794.251     2.619     5.238     2.619     2.619     0.000 -2003.093    62.405  -454.560 1104150528      5.238

  54  593    794.251     2.619     5.238     2.619     2.619     0.000 -2003.093    62.405  -454.560 1104150528      0.000

  55  594    799.227     2.488     4.976     2.488     2.488     0.000 -2003.355    48.810  -455.069 1105199104      4.976

  56  594    799.227     2.488     4.976     2.488     2.488     0.000 -2003.355    48.810  -455.069 1105199104      0.000

  57  595    803.955     2.364     4.727     2.364     2.364     0.000 -2003.418    34.922  -456.066 1106247680      4.727

  58  595    803.955     2.364     4.727     2.364     2.364     0.000 -2003.418    34.922  -456.066 1106247680      0.000

  59  596    808.446     2.246     4.491     2.246     2.246     0.000 -2003.297    20.793  -457.459 1107296256      4.491

  60  596    808.446     2.246     4.491     2.246     2.246     0.000 -2003.297    20.793  -457.459 1107296256      0.000

  61  597    812.712     2.133     4.266     2.133     2.133     0.000 -2003.003     6.467  -459.169 1107820544      4.266

  62  597    812.712     2.133     4.266     2.133     2.133     0.000 -2003.003     6.467  -459.169 1107820544      0.000

  63  598    816.765     2.027     4.053     2.027     2.027     0.000 -2002.549    -8.018  -461.123 1108344832      4.053

  64  598    816.765     2.027     4.053     2.027     2.027     0.000 -2002.549    -8.018  -461.123 1108344832      0.000

  65  599    820.616     1.925     3.851     1.925     1.925    -8.946 -2002.010   -15.598  -463.262         0      3.850

  66  599    820.616     1.925     3.851     1.925     1.925    -8.946 -2002.010   -15.598  -463.262         0      0.000

  67  600    820.616     0.000     0.000     0.000     0.000     0.000 -2000.981   -16.169  -467.670 1073741824      0.000

  68  600    820.616     0.000     0.000     0.000     0.000     0.000 -2000.981   -16.169  -467.670 1073741824      0.000

  69  601    820.616     0.000     0.000     0.000     0.000     0.000 -1999.680   -12.297  -473.319 1082130432      0.000

  70  601    820.616     0.000     0.000     0.000     0.000     0.000 -1999.680   -12.297  -473.319 1082130432      0.000

  71  602    820.616     0.000     0.000     0.000     0.000     0.000 -1998.240    -5.850  -479.480 1086324736      0.000

===== arm 60

  v tick           +540      +020      +5A0      +850      +860      +8A4      +BD0      +BE0      +BF0      +170   dx/vsync

  18  595    689.696     0.000     0.000     0.000     0.000     0.000 -1980.469   137.068  -530.901 1091567616      0.000

  19  596    689.696     0.000     0.000     0.000     0.000     0.000 -1979.750   145.778  -531.264 1092616192      0.000

  20  597    689.696     0.000     0.000     0.000     0.000     0.000 -1979.134   152.916  -531.548 1093664768      0.000

  21  598    689.696     0.000     0.000     0.000     0.000     0.000 -1978.640   158.421  -531.776 1094713344      0.000

  22  599    689.696     0.000     0.000     0.000     0.000     0.000 -1978.274   162.311  -531.965 1095761920      0.000

  23  600    689.696     0.000     0.000     0.000     0.000     0.000 -1978.234   162.159  -532.163 1073741824      0.000

  24  601    689.696     0.000     0.000     0.000     0.000     0.000 -1978.424   159.153  -532.362 1077936128      0.000

  25  602    689.696     0.000     0.000     0.000     0.000     0.000 -1978.766   154.160  -532.558 1082130432      0.000

  26  603    689.696     0.000     0.000     0.000     0.000     0.000 -1979.194   147.914  -532.742 1084227584      0.000

  27  604    694.798     5.102     5.102     5.102     5.102     0.000 -1980.206   143.099  -530.290         0      5.102

  28  605    699.645     4.847     4.847     4.847     4.847     0.000 -1981.541   139.340  -526.288 1065353216      4.847

  29  606    704.250     4.605     4.605     4.605     4.604     0.000 -1983.014   136.097  -521.566 1073741824      4.604

  30  607    708.624     4.374     4.374     4.374     4.374     0.000 -1984.499   132.942  -516.710 1077936128      4.374

  31  608    712.780     4.156     4.156     4.156     4.156     0.000 -1985.915   129.605  -512.099 1082130432      4.156

  32  609    716.727     3.948     3.948     3.948     3.948     0.000 -1987.212   125.974  -507.954 1084227584      3.948

  33  610    720.478     3.750     3.750     3.750     3.750     0.000 -1988.364   122.071  -504.389 1086324736      3.750

  34  611    724.041     3.563     3.563     3.563     3.563     0.000 -1989.354   118.005  -501.441 1088421888      3.563

  35  612    727.425     3.385     3.385     3.385     3.385     0.000 -1990.181   113.926  -499.101 1090519040      3.385

  36  613    730.641     3.216     3.216     3.216     3.216     0.000 -1990.846   109.980  -497.330 1091567616      3.216

  37  614    733.696     3.055     3.055     3.055     3.055     0.000 -1991.362   106.222  -496.080 1092616192      3.055

  38  615    736.598     2.902     2.902     2.902     2.902     0.000 -1991.748   102.585  -495.295 1093664768      2.902

  39  616    739.355     2.757     2.757     2.757     2.757     0.000 -1992.023    99.024  -494.912 1094713344      2.757

  40  617    741.974     2.619     2.619     2.619     2.619     0.000 -1992.205    95.507  -494.871 1095761920      2.619

  41  618    744.462     2.488     2.488     2.488     2.488     0.000 -1992.309    92.011  -495.113 1096810496      2.488

  42  619    746.825     2.364     2.364     2.364     2.364     0.000 -1992.350    88.520  -495.586 1097859072      2.364

  43  620    749.071     2.246     2.246     2.246     2.245     0.000 -1992.340    85.019  -496.241 1098907648      2.245

  44  621    751.204     2.133     2.133     2.133     2.133     0.000 -1992.289    81.499  -497.036 1099431936      2.133

  45  622    753.231     2.027     2.027     2.027     2.027     0.000 -1992.205    77.949  -497.941 1099956224      2.027

  46  623    755.156     1.925     1.925     1.925     1.925     0.000 -1992.095    74.363  -498.925 1100480512      1.925

  47  624    756.985     1.829     1.829     1.829     1.829     0.000 -1991.965    70.738  -499.972 1101004800      1.829

  48  625    758.722     1.738     1.738     1.738     1.737     0.000 -1991.817    67.073  -501.066 1101529088      1.737

  49  626    760.373     1.651     1.651     1.651     1.651     0.000 -1991.654    63.369  -502.192 1102053376      1.651

  50  627    761.941     1.568     1.568     1.568     1.568     0.000 -1991.480    59.633  -503.343 1102577664      1.568

  51  628    763.431     1.490     1.490     1.490     1.490     0.000 -1991.294    55.869  -504.507 1103101952      1.490

  52  629    764.846     1.415     1.415     1.415     1.415     0.000 -1991.100    52.084  -505.676 1103626240      1.415

  53  630    766.190     1.344     1.344     1.344     1.344     0.000 -1990.900    48.282  -506.840 1104150528      1.344

  54  631    767.468     1.277     1.277     1.277     1.277     0.000 -1990.694    44.469  -507.995 1104674816      1.277

  55  632    768.681     1.213     1.213     1.213     1.213     0.000 -1990.486    40.650  -509.132 1105199104      1.213

  56  633    769.834     1.153     1.153     1.153     1.153     0.000 -1990.274    36.827  -510.247 1105723392      1.153

  57  634    770.929     1.095     1.095     1.095     1.095     0.000 -1990.062    33.004  -511.334 1106247680      1.095

  58  635    771.969     1.040     1.040     1.040     1.040     0.000 -1989.850    29.181  -512.392 1106771968      1.040

  59  636    772.957     0.988     0.988     0.988     0.988     0.000 -1989.638    25.361  -513.416 1107296256      0.988

  60  637    773.896     0.939     0.939     0.939     0.939     0.000 -1989.428    21.545  -514.404 1107558400      0.939

  61  638    774.788     0.892     0.892     0.892     0.892     0.000 -1989.219    17.733  -515.355 1107820544      0.892

  62  639    775.635     0.847     0.847     0.847     0.847     0.000 -1989.013    13.925  -516.270 1108082688      0.847

  63  640    776.440     0.805     0.805     0.805     0.805     0.000 -1988.808    10.121  -517.145 1108344832      0.805

  64  641    777.205     0.765     0.765     0.765     0.765     0.000 -1988.606     6.322  -517.983 1108606976      0.765

  65  642    777.932     0.727     0.727     0.727     0.726    -9.084 -1988.396     6.078  -518.789         0      0.726

  66  643    777.932     0.000     0.000     0.000     0.000     0.000 -1988.081     9.124  -519.952 1065353216      0.000

  67  644    777.932     0.000     0.000     0.000     0.000     0.000 -1987.703    14.103  -521.286 1073741824      0.000

  68  645    777.932     0.000     0.000     0.000     0.000     0.000 -1987.290    20.059  -522.664 1077936128      0.000

  69  646    777.932     0.000     0.000     0.000     0.000     0.000 -1986.862    26.358  -524.008 1082130432      0.000

  70  647    777.932     0.000     0.000     0.000     0.000     0.000 -1986.436    32.592  -525.271 1084227584      0.000

  71  648    777.932     0.000     0.000     0.000     0.000     0.000 -1986.025    38.513  -526.426 1086324736      0.000
