# Trace Sora's air combo with all fixes to see why the lunge vanished
# (foreground run, transcript line 3433)
--- input (line 3425) ---
Set-Location "%USERPROFILE%\Documents\GitHub\pcsx2-kh2fm-60fps"
python tools\objtrace.py capture work\ot-aircombo-fix.npz --obj 01A94440 --arms 30,60,60w --group "60 FPS - ball physics" --group "60 FPS - short hop" --group "60 FPS - friction" --script "wait:6,hold:Circle:14,wait:4,tap:Cross,wait:6,tap:Cross,wait:6,tap:Cross,wait:6,tap:Cross,wait:50"
if (-not $?) { throw "capture failed" }
"== classes"; python tools\objtrace.py classes work\ot-aircombo-fix.npz
$py = @'
import numpy as np
z = np.load("work/ot-aircombo-fix.npz")
offs = [0x540, 0x544, 0x20, 0x28, 0x1C, 0x10, 0x18, 0x170, 0xD0, 0xD4]
for arm in ("30", "60", "60w"):
    b = z[f"{arm}_block"]
    with np.errstate(all="ignore"):
        f = b.view("<f4").astype(np.float64)
    print(f"===== arm {arm}")
    print("  v  cls       " + " ".join(f"{('+%03X' % o):>9}" for o in offs))
    for v in range(12, 70, 1 if arm != "30" else 2):
        print(f"  {v:2d} {b[v, 3]:08X} " + " ".join(f"{f[v, o // 4]:9.3f}" for o in offs))
'@
$f = "$env:TEMP\kh2_aircombo_fix_rows.py"; Set-Content -Path $f -Value $py -Encoding utf8
python $f
--- result ---
  arm 30: 100 vsyncs, 50 ticks

  arm 60: 100 vsyncs, 99 ticks

  arm 60w: 100 vsyncs, 99 ticks

saved work\ot-aircombo-fix.npz

== classes

  arm 30: start 01C60030  13:01C60030->01C60040 65:01C60040->01C60030

  arm 60: start 01C60030  13:01C60030->01C60040 65:01C60040->01C60030

  arm 60w: start 01C60030  13:01C60030->01C60040 64:01C60040->01C60030

===== arm 30

  v  cls            +540      +544      +020      +028      +01C      +010      +018      +170      +0D0      +0D4

  12 01C60030   689.696   550.000     0.000     0.000     0.000     0.000     0.000     2.000     0.000    30.108

  14 01C60040   689.696   519.868     0.000    -0.000     0.000     0.000     0.000     4.000     2.000    30.108

  16 01C60040   689.696   490.852     0.000    -0.000     0.000     0.000     0.000     6.000     4.000    30.108

  18 01C60040   689.696   463.962     0.000    -0.000     0.000     0.671    -0.741     8.000     6.000    30.108

  20 01C60040   689.696   440.003     0.000    -0.000     0.000     0.671    -0.741    10.000     8.000    30.108

  22 01C60040   689.696   419.521     0.000    -0.000     0.000     0.671    -0.741    12.000    10.000    30.108

  24 01C60040   689.696   415.451     0.000    -0.000     0.000     0.671    -0.741     2.000     2.000     5.000

  26 01C60040   689.696   414.434     0.000    -0.000     0.000     0.671    -0.741     4.000     4.000     5.000

  28 01C60040   699.900   404.760     5.102    -5.633     0.000     0.000     0.000     0.000     2.000    10.144

  30 01C60040   709.594   397.829     4.847    -5.351     0.000     0.000     0.000     2.000     4.000    10.144

  32 01C60040   718.803   394.450     4.605    -5.084     0.000     0.000     0.000     4.000     6.000    10.144

  34 01C60040   727.552   393.511     4.374    -4.830     0.000     0.000     0.000     6.000     8.000    10.144

  36 01C60040   735.863   393.434     4.156    -4.588     0.000     0.000     0.000     8.000    10.000    10.144

  38 01C60040   743.759   394.137     3.948    -4.359     0.000     0.000     0.000    10.000    12.000    10.144

  40 01C60040   751.259   396.468     3.750    -4.141     0.000     0.000     0.000    12.000    14.000    10.144

  42 01C60040   758.385   400.432     3.563    -3.934     0.000     0.000     0.000    14.000    16.000    10.144

  44 01C60040   765.155   406.029     3.385    -3.737     0.000     0.000     0.000    16.000    18.000    10.144

  46 01C60040   771.586   413.258     3.216    -3.550     0.000     0.000     0.000    18.000    20.000    10.144

  48 01C60040   777.695   422.120     3.055    -3.373     0.000     0.000     0.000    20.000    22.000    10.144

  50 01C60040   783.499   432.615     2.902    -3.204     0.000     0.000     0.000    22.000    24.000    10.144

  52 01C60040   789.013   444.742     2.757    -3.044     0.000     0.000     0.000    24.000    26.000    10.144

  54 01C60040   794.251   458.503     2.619    -2.892     0.000     0.000     0.000    26.000    28.000    10.144

  56 01C60040   799.227   473.895     2.488    -2.747     0.000     0.000     0.000    28.000    30.000    10.144

  58 01C60040   803.955   490.921     2.364    -2.610     0.000     0.000     0.000    30.000    32.000    10.144

  60 01C60040   808.446   509.579     2.246    -2.479     0.000     0.000     0.000    32.000    34.000    10.144

  62 01C60040   812.712   529.869     2.133    -2.355     0.000     0.000     0.000    34.000    36.000    10.144

  64 01C60040   816.765   551.792     2.027    -2.237     0.000     0.000     0.000    36.000    38.000    10.144

  66 01C60030   820.616   557.457     1.925    -2.126     0.000     0.000     0.000     0.000    40.000    10.144

  68 01C60030   820.616   557.457     0.000    -0.000     0.000     0.000     0.000     2.000    40.000    10.144

===== arm 60

  v  cls            +540      +544      +020      +028      +01C      +010      +018      +170      +0D0      +0D4

  12 01C60030   689.696   550.000     0.000     0.000     0.000     0.000     0.000     3.000     0.000    30.108

  13 01C60040   689.696   534.863     0.000    -0.000     0.000     0.000     0.000     4.000     1.000    30.108

  14 01C60040   689.696   519.868     0.000    -0.000     0.000     0.000     0.000     5.000     2.000    30.108

  15 01C60040   689.696   505.154     0.000    -0.000     0.000     0.000     0.000     6.000     3.000    30.108

  16 01C60040   689.696   490.852     0.000    -0.000     0.000     0.000     0.000     7.000     4.000    30.108

  17 01C60040   689.696   477.085     0.000    -0.000     0.000     0.671    -0.741     8.000     5.000    30.108

  18 01C60040   689.696   463.962     0.000    -0.000     0.000     0.671    -0.741     9.000     6.000    30.108

  19 01C60040   689.696   451.575     0.000    -0.000     0.000     0.671    -0.741    10.000     7.000    30.108

  20 01C60040   689.696   440.003     0.000    -0.000     0.000     0.671    -0.741    11.000     8.000    30.108

  21 01C60040   689.696   429.305     0.000    -0.000     0.000     0.671    -0.741    12.000     9.000    30.108

  22 01C60040   689.696   419.521     0.000    -0.000     0.000     0.671    -0.741    13.000    10.000    30.108

  23 01C60040   689.696   417.140     0.000    -0.000     0.000     0.671    -0.741     2.000     1.000     5.000

  24 01C60040   689.696   415.451     0.000    -0.000     0.000     0.671    -0.741     3.000     2.000     5.000

  25 01C60040   689.696   414.646     0.000    -0.000     0.000     0.671    -0.741     4.000     3.000     5.000

  26 01C60040   689.696   414.434     0.000    -0.000     0.000     0.671    -0.741     5.000     4.000     5.000

  27 01C60040   694.798   409.396     5.102    -5.633     0.000     0.000     0.000     0.000     1.000    10.144

  28 01C60040   699.645   404.760     4.847    -5.351     0.000     0.000     0.000     1.000     2.000    10.144

  29 01C60040   704.250   400.845     4.605    -5.084     0.000     0.000     0.000     2.000     3.000    10.144

  30 01C60040   708.624   397.829     4.374    -4.830     0.000     0.000     0.000     3.000     4.000    10.144

  31 01C60040   712.780   395.735     4.156    -4.588     0.000     0.000     0.000     4.000     5.000    10.144

  32 01C60040   716.727   394.450     3.948    -4.359     0.000     0.000     0.000     5.000     6.000    10.144

  33 01C60040   720.478   393.782     3.750    -4.141     0.000     0.000     0.000     6.000     7.000    10.144

  34 01C60040   724.041   393.511     3.563    -3.934     0.000     0.000     0.000     7.000     8.000    10.144

  35 01C60040   727.425   393.440     3.385    -3.737     0.000     0.000     0.000     8.000     9.000    10.144

  36 01C60040   730.641   393.434     3.216    -3.550     0.000     0.000     0.000     9.000    10.000    10.144

  37 01C60040   733.696   393.583     3.055    -3.373     0.000     0.000     0.000    10.000    11.000    10.144

  38 01C60040   736.598   394.137     2.902    -3.204     0.000     0.000     0.000    11.000    12.000    10.144

  39 01C60040   739.355   395.098     2.757    -3.044     0.000     0.000     0.000    12.000    13.000    10.144

  40 01C60040   741.974   396.468     2.619    -2.892     0.000     0.000     0.000    13.000    14.000    10.144

  41 01C60040   744.462   398.246     2.488    -2.747     0.000     0.000     0.000    14.000    15.000    10.144

  42 01C60040   746.825   400.432     2.364    -2.610     0.000     0.000     0.000    15.000    16.000    10.144

  43 01C60040   749.071   403.026     2.246    -2.479     0.000     0.000     0.000    16.000    17.000    10.144

  44 01C60040   751.204   406.029     2.133    -2.355     0.000     0.000     0.000    17.000    18.000    10.144

  45 01C60040   753.231   409.440     2.027    -2.237     0.000     0.000     0.000    18.000    19.000    10.144

  46 01C60040   755.156   413.258     1.925    -2.126     0.000     0.000     0.000    19.000    20.000    10.144

  47 01C60040   756.985   417.485     1.829    -2.019     0.000     0.000     0.000    20.000    21.000    10.144

  48 01C60040   758.722   422.120     1.738    -1.918     0.000     0.000     0.000    21.000    22.000    10.144

  49 01C60040   760.373   427.164     1.651    -1.822     0.000     0.000     0.000    22.000    23.000    10.144

  50 01C60040   761.941   432.615     1.568    -1.731     0.000     0.000     0.000    23.000    24.000    10.144

  51 01C60040   763.431   438.475     1.490    -1.645     0.000     0.000     0.000    24.000    25.000    10.144

  52 01C60040   764.846   444.742     1.415    -1.563     0.000     0.000     0.000    25.000    26.000    10.144

  53 01C60040   766.190   451.418     1.344    -1.484     0.000     0.000     0.000    26.000    27.000    10.144

  54 01C60040   767.468   458.503     1.277    -1.410     0.000     0.000     0.000    27.000    28.000    10.144

  55 01C60040   768.681   465.995     1.213    -1.340     0.000     0.000     0.000    28.000    29.000    10.144

  56 01C60040   769.834   473.895     1.153    -1.273     0.000     0.000     0.000    29.000    30.000    10.144

  57 01C60040   770.929   482.204     1.095    -1.209     0.000     0.000     0.000    30.000    31.000    10.144

  58 01C60040   771.969   490.921     1.040    -1.149     0.000     0.000     0.000    31.000    32.000    10.144

  59 01C60040   772.957   500.045     0.988    -1.091     0.000     0.000     0.000    32.000    33.000    10.144

  60 01C60040   773.896   509.579     0.939    -1.037     0.000     0.000     0.000    33.000    34.000    10.144

  61 01C60040   774.788   519.520     0.892    -0.985     0.000     0.000     0.000    34.000    35.000    10.144

  62 01C60040   775.635   529.869     0.847    -0.936     0.000     0.000     0.000    35.000    36.000    10.144

  63 01C60040   776.440   540.627     0.805    -0.889     0.000     0.000     0.000    36.000    37.000    10.144

  64 01C60040   777.205   551.792     0.765    -0.844     0.000     0.000     0.000    37.000    38.000    10.144

  65 01C60030   777.932   554.282     0.727    -0.802     0.000     0.000     0.000     0.000    39.000    10.144

  66 01C60030   777.932   554.282     0.000    -0.000     0.000     0.000     0.000     1.000    39.000    10.144

  67 01C60030   777.932   554.282     0.000    -0.000     0.000     0.000     0.000     2.000    39.000    10.144

  68 01C60030   777.932   554.282     0.000    -0.000     0.000     0.000     0.000     3.000    39.000    10.144

  69 01C60030   777.932   554.282     0.000    -0.000     0.000     0.000     0.000     4.000    39.000    10.144

===== arm 60w

  v  cls            +540      +544      +020      +028      +01C      +010      +018      +170      +0D0      +0D4

  12 01C60030   689.696   550.000     0.000     0.000     0.000     0.000     0.000     3.000     0.000    30.108

  13 01C60040   689.696   534.863     0.000    -0.000     0.000     0.000     0.000     4.000     1.000    30.108

  14 01C60040   689.696   519.868     0.000    -0.000     0.000     0.000     0.000     5.000     2.000    30.108

  15 01C60040   689.696   505.154     0.000    -0.000     0.000     0.000     0.000     6.000     3.000    30.108

  16 01C60040   689.696   490.852     0.000    -0.000     0.000     0.000     0.000     7.000     4.000    30.108

  17 01C60040   689.696   477.085     0.000    -0.000     0.000     0.671    -0.741     8.000     5.000    30.108

  18 01C60040   689.696   463.962     0.000    -0.000     0.000     0.671    -0.741     9.000     6.000    30.108

  19 01C60040   689.696   451.575     0.000    -0.000     0.000     0.671    -0.741    10.000     7.000    30.108

  20 01C60040   689.696   440.003     0.000    -0.000     0.000     0.671    -0.741    11.000     8.000    30.108

  21 01C60040   689.696   429.305     0.000    -0.000     0.000     0.671    -0.741    12.000     9.000    30.108

  22 01C60040   689.696   419.521     0.000    -0.000     0.000     0.671    -0.741    13.000    10.000    30.108

  23 01C60040   689.696   417.140     0.000    -0.000     0.000     0.671    -0.741     2.000     1.000     5.000

  24 01C60040   689.696   415.451     0.000    -0.000     0.000     0.671    -0.741     3.000     2.000     5.000

  25 01C60040   689.696   414.646     0.000    -0.000     0.000     0.671    -0.741     4.000     3.000     5.000

  26 01C60040   689.696   414.434     0.000    -0.000     0.000     0.671    -0.741     5.000     4.000     5.000

  27 01C60040   689.696   409.396     0.000    -0.000     0.000     0.000     0.000     0.000     1.000    10.144

  28 01C60040   689.696   404.760     0.000    -0.000     0.000     0.000     0.000     1.000     2.000    10.144

  29 01C60040   689.696   400.845     0.000    -0.000     0.000     0.000     0.000     2.000     3.000    10.144

  30 01C60040   689.696   397.829     0.000    -0.000     0.000     0.000     0.000     3.000     4.000    10.144

  31 01C60040   689.696   395.735     0.000    -0.000     0.000     0.000     0.000     4.000     5.000    10.144

  32 01C60040   689.696   394.450     0.000    -0.000     0.000     0.000     0.000     5.000     6.000    10.144

  33 01C60040   689.696   393.782     0.000    -0.000     0.000     0.000     0.000     6.000     7.000    10.144

  34 01C60040   689.696   393.511     0.000    -0.000     0.000     0.000     0.000     7.000     8.000    10.144

  35 01C60040   689.696   393.440     0.000    -0.000     0.000     0.000     0.000     8.000     9.000    10.144

  36 01C60040   689.696   393.434     0.000    -0.000     0.000     0.000     0.000     9.000    10.000    10.144

  37 01C60040   689.696   393.583     0.000    -0.000     0.000     0.000     0.000    10.000    11.000    10.144

  38 01C60040   689.696   394.137     0.000    -0.000     0.000     0.000     0.000    11.000    12.000    10.144

  39 01C60040   689.696   395.098     0.000    -0.000     0.000     0.000     0.000    12.000    13.000    10.144

  40 01C60040   689.696   396.468     0.000    -0.000     0.000     0.000     0.000    13.000    14.000    10.144

  41 01C60040   689.696   398.246     0.000    -0.000     0.000     0.000     0.000    14.000    15.000    10.144

  42 01C60040   689.696   400.432     0.000    -0.000     0.000     0.000     0.000    15.000    16.000    10.144

  43 01C60040   689.696   403.026     0.000    -0.000     0.000     0.000     0.000    16.000    17.000    10.144

  44 01C60040   689.696   406.029     0.000    -0.000     0.000     0.000     0.000    17.000    18.000    10.144

  45 01C60040   689.696   409.440     0.000    -0.000     0.000     0.000     0.000    18.000    19.000    10.144

  46 01C60040   689.696   413.258     0.000    -0.000     0.000     0.000     0.000    19.000    20.000    10.144

  47 01C60040   689.696   417.485     0.000    -0.000     0.000     0.000     0.000    20.000    21.000    10.144

  48 01C60040   689.696   422.120     0.000    -0.000     0.000     0.000     0.000    21.000    22.000    10.144

  49 01C60040   689.696   427.164     0.000    -0.000     0.000     0.000     0.000    22.000    23.000    10.144

  50 01C60040   689.696   432.615     0.000    -0.000     0.000     0.000     0.000    23.000    24.000    10.144

  51 01C60040   689.696   438.475     0.000    -0.000     0.000     0.000     0.000    24.000    25.000    10.144

  52 01C60040   689.696   444.742     0.000    -0.000     0.000     0.000     0.000    25.000    26.000    10.144

  53 01C60040   689.696   451.418     0.000    -0.000     0.000     0.000     0.000    26.000    27.000    10.144

  54 01C60040   689.696   458.503     0.000    -0.000     0.000     0.000     0.000    27.000    28.000    10.144

  55 01C60040   689.696   465.995     0.000    -0.000     0.000     0.000     0.000    28.000    29.000    10.144

  56 01C60040   689.696   473.895     0.000    -0.000     0.000     0.000     0.000    29.000    30.000    10.144

  57 01C60040   689.696   482.204     0.000    -0.000     0.000     0.000     0.000    30.000    31.000    10.144

  58 01C60040   689.696   490.921     0.000    -0.000     0.000     0.000     0.000    31.000    32.000    10.144

  59 01C60040   689.696   500.045     0.000    -0.000     0.000     0.000     0.000    32.000    33.000    10.144

  60 01C60040   689.696   509.579     0.000    -0.000     0.000     0.000     0.000    33.000    34.000    10.144

  61 01C60040   689.696   519.520     0.000    -0.000     0.000     0.000     0.000    34.000    35.000    10.144

  62 01C60040   689.696   529.869     0.000    -0.000     0.000     0.000     0.000    35.000    36.000    10.144

  63 01C60040   689.696   540.627     0.000    -0.000     0.000     0.000     0.000    36.000    37.000    10.144

  64 01C60030   689.696   550.000     0.000    -0.000     0.000     0.000     0.000     0.000    38.000    10.144

  65 01C60030   689.696   550.000     0.000    -0.000     0.000     0.000     0.000     1.000    38.000    10.144

  66 01C60030   689.696   550.000     0.000    -0.000     0.000     0.000     0.000     2.000    38.000    10.144

  67 01C60030   689.696   550.000     0.000    -0.000     0.000     0.000     0.000     3.000    38.000    10.144

  68 01C60030   689.696   550.000     0.000    -0.000     0.000     0.000     0.000     4.000    38.000    10.144

  69 01C60030   689.696   550.000     0.000    -0.000     0.000     0.000     0.000     5.000    38.000    10.144
