# Align Sora and ball traces in the mash to find the first divergence
# (foreground run, transcript line 3543)
--- input (line 3542) ---
Set-Location "%USERPROFILE%\Documents\GitHub\pcsx2-kh2fm-60fps"
$py = @'
import numpy as np
S = np.load("work/ot-mash-sora.npz"); B = np.load("work/ot-mash-ball.npz")
def fl(z, arm):
    with np.errstate(all="ignore"):
        return z[f"{arm}_block"].view("<f4").astype(np.float64), z[f"{arm}_block"]
s30, s30r = fl(S, "30"); s60, s60r = fl(S, "60w")
b30, _ = fl(B, "30"); b60, _ = fl(B, "60w")
P = 0x540 // 4
def h(b, v): return b[0, P + 1] - b[v, P + 1]
print(" v | ball h30  h60w  vy30   vy60w  vx30   vx60w | sora x30   x60w    y30    y60w   z30     z60w  | clk30 clk60 | D0_30 D0_60 D4_30 D4_60 DC_30  DC_60")
first = None
for v in range(36, 142):
    bh30, bh60 = h(b30, v), h(b60, v)
    sx30, sy30, sz30 = s30[v, P:P + 3]; sx60, sy60, sz60 = s60[v, P:P + 3]
    # sampling-tolerant divergence: 60w at v vs 30 at v or v-1
    d_ball = min(abs(bh60 - h(b30, v)), abs(bh60 - h(b30, v - 1)))
    d_sora = min(np.hypot(sx60 - s30[v, P], sz60 - s30[v, P + 2]), np.hypot(sx60 - s30[v - 1, P], sz60 - s30[v - 1, P + 2]))
    flag = ""
    if first is None and (d_ball > 6 or d_sora > 6):
        first = v; flag = "  <== first divergence"
    if v % 2 == 0 or flag:
        print(f"{v:3d}| {bh30:7.1f} {bh60:7.1f} {b30[v,9]:6.2f} {b60[v,9]:6.2f} {b30[v,8]:6.2f} {b60[v,8]:6.2f} |"
              f" {sx30:7.1f} {sx60:7.1f} {sy30:6.1f} {sy60:6.1f} {sz30:8.1f} {sz60:8.1f} |"
              f" {s30[v,0x170//4]:5.0f} {s60[v,0x170//4]:5.0f} | {s30[v,0xD0//4]:5.0f} {s60[v,0xD0//4]:5.0f} {s30[v,0xD4//4
--- result ---
 v | ball h30  h60w  vy30   vy60w  vx30   vx60w | sora x30   x60w    y30    y60w   z30     z60w  | clk30 clk60 | D0_30 D0_60 D4_30 D4_60 DC_30  DC_60

 36|     0.0     0.0   0.00   0.00   0.00   0.00 |   752.1   752.1  550.0  550.0  -2430.3  -2430.2 |    18    19 |    33    33  10.1  10.1  -21.0  -21.0

 38|     0.0     0.0   0.00   0.00   0.00   0.00 |   752.1   746.5  550.0  550.4  -2430.3  -2455.8 |    20    21 |    33    33  10.1  10.1  -21.0  -21.0  <== first divergence

 40|     0.0     0.0   0.00 -60.00   0.00  -0.00 |   740.9   735.3  552.1  553.8  -2481.5  -2506.9 |    22    23 |    33    33  10.1  10.1  -21.0  -21.0

 42|     0.0    95.2 -60.00 -47.59  -0.00  -0.00 |   729.7   724.1  555.6  557.3  -2532.6  -2558.0 |    24    25 |    33    33  10.1  10.1  -21.0  -21.0

 44|    95.2   170.5 -47.59 -37.67  -0.00  -0.00 |   718.4   717.9  559.0  559.2  -2583.6  -2585.9 |    26    27 |    33    33  10.1  10.1  -21.0  -21.0

 46|   170.5   230.0 -37.67 -29.72  -0.00  -0.00 |   715.4   713.5  559.9  560.5  -2597.6  -2605.7 |    28    29 |    33    33  10.1  10.1  -21.0  -21.0

 48|   230.0   276.7 -29.72 -23.37  -0.00  -0.00 |   714.2   709.1  560.3  561.9  -2602.8  -2626.0 |    30    31 |    33    33  10.1  10.1  -21.0  -21.0

 50|   276.7   313.3 -23.37 -18.29  -0.00  -0.00 |   709.2   706.8  561.7  562.5  -2623.0  -2636.1 |    32    33 |    33    33  10.1  10.1  -21.0  -21.0

 52|   313.3   340.8 -18.29 -14.22  -0.00  -0.00 |   709.2   706.8  561.7  562.5  -2623.0  -2636.1 |    34    35 |    33    33  10.1  10.1  -21.0  -21.0

 54|   340.4   341.2 -14.22 -10.97  -0.00  -0.00 |   709.2   706.8  561.7  562.5  -2623.0  -2636.1 |    36    37 |    33    33  10.1  10.1  -21.0  -21.0

 56|   340.8   341.5 -10.97  -8.37  -0.00  -0.00 |   709.2   705.9  561.7  562.8  -2623.0  -2640.5 |    38    39 |    33    33  10.1  10.1  -21.0  -21.0

 58|   341.1   341.8  -8.37  -6.29  -0.00  -0.00 |   707.1   704.0  562.2  563.4  -2631.6  -2649.2 |    40    41 |    33    33  10.1  10.1  -21.0  -21.0

 60|   341.4   341.9  -6.29  -4.62  -0.00  -0.00 |   704.9   702.1  562.8  564.0  -2640.3  -2657.9 |    42    43 |    33    33  10.1  10.1  -21.0  -21.0

 62|   341.5   342.1  -4.62  -3.29  -0.00  -0.00 |   702.8   700.2  563.4  564.1  -2648.9  -2660.0 |    44    45 |    33    33  10.1  10.1  -21.0  -21.0

 64|   341.7   342.2  -3.29  -2.22  -0.00  -0.00 |   700.7   698.2  564.0  564.1  -2657.5  -2660.0 |    46    47 |    33    33  10.1  10.1  -21.0  -21.0

 66|   341.8   342.2  -2.22  -1.37  -0.00  -0.00 |   701.7   699.6  528.8  528.9  -2657.8  -2659.5 |     0     1 |     2     2  35.1  35.1 -252.0 -252.0

 68|   341.8   342.2  -1.37  -0.69  -0.00  -0.00 |   702.6   700.8  494.5  494.7  -2658.1  -2659.1 |     2     3 |     4     4  35.1  35.1 -252.0 -252.0

 70|   341.8   342.2  -0.69  -0.14  -0.00  -0.00 |   703.5   702.0  462.1  462.3  -2658.3  -2658.6 |     4     5 |     6     6  35.1  35.1 -252.0 -252.0

 72|   341.8   341.6  -0.14   0.29  -0.00  -0.00 |   704.4   703.1  432.3  432.5  -2658.6  -2658.2 |     6     7 |     8     8  35.1  35.1 -252.0 -252.0

 74|   341.3   340.2   0.29   0.70  -0.00  -0.00 |   705.2   704.2  405.7  405.9  -2658.8  -2657.8 |     8     9 |    10    10  35.1  35.1 -252.0 -252.0

 76|   339.9   338.0   0.70   1.11  -0.00  -0.00 |   706.0   705.2  382.7  382.9  -2659.0  -2657.5 |    10    11 |    12    12  35.1  35.1 -252.0 -252.0

 78|   337.6   335.0   1.11   1.52  -0.00  -0.00 |   694.2   680.5  363.5  363.6  -2656.6  -2660.0 |    12    13 |    14    14  35.1  35.1 -252.0 -252.0

 80|   334.6   331.1   1.52   1.93  -0.00  -0.00 |   675.4   675.7  347.9  348.1  -2652.8  -2659.8 |    14    15 |    16    16  35.1  35.1 -252.0 -252.0

 82|   330.7   338.8   1.93 -10.00  -0.00   0.00 |   666.5   675.2  335.9  336.0  -2651.6  -2659.8 |    16    17 |    18    18  35.1  35.1 -252.0 -252.0

 84|   326.1   347.3   2.34  -7.59  -0.00   0.00 |   667.1   673.5  326.9  327.1  -2651.7  -2659.8 |    18    19 |    20    20  35.1  35.1 -252.0 -252.0

 86|   320.6   347.2   2.74  -5.67  -0.00   0.00 |   667.7   674.3  320.7  320.8  -2651.9  -2659.6 |    20    21 |    22    22  35.1  35.1 -252.0 -252.0

 88|   314.3   347.0   3.15  -4.12  -0.00   0.00 |   668.3   675.1  316.6  316.7  -2652.1  -2659.3 |    22    23 |    24    24  35.1  35.1 -252.0 -252.0

 90|   307.2   346.6   3.56  -2.89  -0.00   0.00 |   668.8   681.4  314.1  298.7  -2652.2  -2658.1 |    24     1 |    26     2  35.1  18.2 -252.0  -67.5

 92|   299.2   345.5   3.97  -1.90  -0.00   0.00 |   669.2   681.4  312.8  282.5  -2652.3  -2658.1 |    26     3 |    28     4  35.1  18.2 -252.0  -67.5

 94|   290.5   345.0   4.38  -1.12  -0.00   0.00 |   669.0   685.6  312.2  269.3  -2652.4  -2657.3 |    28     5 |    30     6  35.1  18.2 -252.0  -67.5

 96|   280.9   344.4   4.78  -0.48  -0.00   0.00 |   668.9   689.3  312.0  259.9  -2652.5  -2656.6 |    30     7 |    32     8  35.1  18.2 -252.0  -67.5

 98|   270.5   343.9   5.19   0.02  -0.00   0.00 |   669.2   693.0  312.0  253.9  -2652.6  -2656.0 |    32     9 |    34    10  35.1  18.2 -252.0  -67.5

100|   259.3   343.0   5.60   0.43  -0.00   0.00 |   669.6   696.8  312.1  250.8  -2652.7  -2655.3 |    34    11 |    36    12  35.1  18.2 -252.0  -67.5

102|   247.3   341.3   6.01   0.84  -0.00   0.00 |   670.0   700.2  313.7  249.5  -2652.8  -2654.6 |    36    13 |    38    14  35.1  18.2 -252.0  -67.5

104|   234.5   338.9   6.42   1.25  -0.00   0.00 |   670.4   703.6  316.8  249.2  -2652.9  -2654.0 |    38    15 |    40    16  35.1  18.2 -252.0  -67.5

106|   220.8   342.2   6.83 -10.00  -0.00   0.00 |   670.8   706.8  321.6  249.2  -2653.0  -2653.4 |    40    17 |    42    18  35.1  18.2 -252.0  -67.5

108|   206.3   342.0   7.23  -7.59  -0.00   0.00 |   671.1   709.1  328.0  249.9  -2653.1  -2653.0 |    42    19 |    44    20  35.1  18.2 -252.0  -67.5

110|   191.1   341.6   7.64  -5.67  -0.00   0.00 |   671.4   710.1  336.1  252.1  -2653.2  -2652.9 |    44    21 |    46    22  35.1  18.2 -252.0  -67.5

112|   175.0   341.3   8.05  -4.12  -0.00   0.00 |   671.7   712.2  345.7  256.1  -2653.3  -2652.5 |    46    23 |    48    24  35.1  18.2 -252.0  -67.5

114|   158.0   340.4   8.46  -2.89  -0.00   0.00 |   672.0   727.1  357.0  246.4  -2653.4  -2649.5 |    48     1 |    50     2  35.1  10.1 -252.0  -21.0

116|   140.3   338.6   8.87  -1.90  -0.00   0.00 |   672.3   734.7  370.0  239.5  -2653.5  -2647.9 |    50     3 |    52     4  35.1  10.1 -252.0  -21.0

118|   121.8   337.5   9.27  -1.12  -0.00   0.00 |   672.6   746.9  384.6  236.1  -2653.5  -2645.5 |    52     5 |    54     6  35.1  10.1 -252.0  -21.0

120|   102.4   336.1   9.68  -0.48  -0.00   0.00 |   672.8   756.0  400.8  235.2  -2653.6  -2643.7 |    54     7 |    56     8  35.1  10.1 -252.0  -21.0

122|    82.4   334.8  10.00   0.02  -0.00   0.00 |   673.1   765.1  418.6  235.1  -2653.7  -2641.9 |    56     9 |    58    10  35.1  10.1 -252.0  -21.0

124|    62.4   333.6  10.00   0.43  -0.00   0.00 |   673.3   774.1  438.1  235.8  -2653.7  -2640.2 |    58    11 |    60    12  35.1  10.1 -252.0  -21.0

126|    42.4   332.0  10.00   0.84  -0.00   0.00 |   673.5   782.1  459.2  238.1  -2653.8  -2638.7 |     0    13 |    62    14  35.1  10.1 -252.0  -21.0

128|    22.4   329.5  10.00   1.25  -0.00   0.00 |   673.7   789.8  482.0  242.1  -2653.9  -2637.4 |     2    15 |    64    16  35.1  10.1 -252.0  -21.0

130|     2.4   326.2  10.00 -42.00  -0.00  49.61 |   688.9   796.9  472.3  247.7  -2655.0  -2636.1 |     0    17 |     2    18  10.1  10.1  -21.0  -21.0

132|    -0.9   338.8  10.00 -33.19  -0.00  39.69 |   703.3   803.7  465.4  254.9  -2656.1  -2635.0 |     2    19 |     4    20  10.1  10.1  -21.0  -21.0

134|    -0.9   382.4   0.00 -26.15   0.00  31.75 |   716.9   817.2  462.0  263.8  -2657.2  -2632.2 |     4    21 |     6    22  10.1  10.1  -21.0  -21.0

136|    -0.9   423.4   0.00 -20.51   0.00 -20.77 |   729.9   830.1  461.0  274.3  -2658.2  -2629.6 |     6    23 |     8    24  10.1  10.1  -21.0  -21.0

138|    -0.9   455.4   0.00 -16.00   0.00 -16.62 |   742.3   854.8  461.0  255.8  -2659.1  -2618.2 |     8     1 |    10     2  10.1  18.7  -21.0  -71.0

140|    -0.9   480.2   0.00 -12.39   0.00 -13.29 |   754.0   878.2  461.7  239.0  -2660.0  -2607.3 |    10     3 |    12     4  10.1  18.7  -21.0  -71.0

first divergence at vsync 38
