# Print Sora's air-swing motion channels per vsync at both frame rates
# (foreground run, transcript line 3556)
--- input (line 3548) ---
Set-Location "%USERPROFILE%\Documents\GitHub\pcsx2-kh2fm-60fps"
$py = @'
import numpy as np
S = np.load("work/ot-mash-sora.npz"); B = np.load("work/ot-mash-ball.npz")
def fl(z, arm):
    with np.errstate(all="ignore"):
        return z[f"{arm}_block"].view("<f4").astype(np.float64), z[f"{arm}_block"]
offs = [0x540, 0x548, 0x20, 0x28, 0x5A0, 0x5A8, 0x1C, 0x10, 0x18, 0x170]
for arm in ("30", "60w"):
    s, raw = fl(S, arm); b, _ = fl(B, arm)
    print(f"===== arm {arm}")
    print("  v  cls       " + " ".join(f"{('+%03X' % o):>9}" for o in offs) + "   ball x    ball z")
    for v in range(70, 93):
        print(f"  {v:2d} {raw[v, 3]:08X} " + " ".join(f"{s[v, o // 4]:9.3f}" for o in offs)
              + f"  {b[v, 0x540 // 4]:8.2f} {b[v, 0x548 // 4]:9.2f}")
'@
$f = "$env:TEMP\kh2_swing_rows.py"; Set-Content -Path $f -Value $py -Encoding utf8
python $f
--- result ---
===== arm 30

  v  cls            +540      +548      +020      +028      +5A0      +5A8      +01C      +010      +018      +170   ball x    ball z

  70 01C60040   703.544 -2658.323     0.451    -0.125     0.902    -0.251     0.000     0.000     0.000     4.000    710.72  -2659.99

  71 01C60040   704.401 -2658.561     0.429    -0.119     0.857    -0.238     0.000     0.000     0.000     6.000    710.76  -2659.99

  72 01C60040   704.401 -2658.561     0.429    -0.119     0.857    -0.238     0.000     0.000     0.000     6.000    710.76  -2659.99

  73 01C60040   705.215 -2658.787     0.407    -0.113     0.814    -0.226     0.000     0.000     0.000     8.000    710.76  -2659.99

  74 01C60040   705.215 -2658.787     0.407    -0.113     0.814    -0.226     0.000     0.000     0.000     8.000    710.76  -2659.99

  75 01C60040   705.988 -2659.002     0.387    -0.108     0.774    -0.215     0.000     0.000     0.000    10.000    710.76  -2659.99

  76 01C60040   705.988 -2659.002     0.387    -0.108     0.774    -0.215     0.000     0.000     0.000    10.000    710.76  -2659.99

  77 01C60040   694.169 -2656.603     0.367    -0.102   -11.819     2.399     0.000     0.000     0.000    12.000    723.31  -2659.99

  78 01C60040   694.169 -2656.603     0.367    -0.102   -11.819     2.399     0.000     0.000     0.000    12.000    723.31  -2659.99

  79 01C60040   675.386 -2652.817     0.349    -0.097   -18.782     3.786     0.000     0.000     0.000    14.000    742.80  -2659.99

  80 01C60040   675.386 -2652.817     0.349    -0.097   -18.782     3.786     0.000     0.000     0.000    14.000    742.80  -2659.99

  81 01C60040   666.486 -2651.569     0.332    -0.092    -8.901     1.247     0.000     0.000     0.000    16.000    752.36  -2659.99

  82 01C60040   666.486 -2651.569     0.332    -0.092    -8.901     1.247     0.000     0.000     0.000    16.000    752.36  -2659.99

  83 01C60040   667.116 -2651.744     0.315    -0.088     0.630    -0.175     0.000     0.000     0.000    18.000    752.36  -2659.99

  84 01C60040   667.116 -2651.744     0.315    -0.088     0.630    -0.175     0.000     0.000     0.000    18.000    752.36  -2659.99

  85 01C60040   667.714 -2651.911     0.299    -0.083     0.599    -0.166     0.000     0.000     0.000    20.000    752.36  -2659.99

  86 01C60040   667.714 -2651.911     0.299    -0.083     0.599    -0.166     0.000     0.000     0.000    20.000    752.36  -2659.99

  87 01C60040   668.283 -2652.069     0.284    -0.079     0.569    -0.158     0.000     0.000     0.000    22.000    752.36  -2659.99

  88 01C60040   668.283 -2652.069     0.284    -0.079     0.569    -0.158     0.000     0.000     0.000    22.000    752.36  -2659.99

  89 01C60040   668.823 -2652.219     0.270    -0.075     0.540    -0.150     0.000     0.000     0.000    24.000    752.36  -2659.99

  90 01C60040   668.823 -2652.219     0.270    -0.075     0.540    -0.150     0.000     0.000     0.000    24.000    752.36  -2659.99

  91 01C60040   669.214 -2652.350     0.257    -0.071     0.391    -0.131     0.000     0.000     0.000    26.000    752.48  -2659.99

  92 01C60040   669.214 -2652.350     0.257    -0.071     0.391    -0.131     0.000     0.000     0.000    26.000    752.48  -2659.99

===== arm 60w

  v  cls            +540      +548      +020      +028      +5A0      +5A8      +01C      +010      +018      +170   ball x    ball z

  70 01C60040   702.013 -2658.626     0.588     0.213     0.588     0.213     0.000     0.000     0.000     5.000    713.56  -2654.66

  71 01C60040   702.586 -2658.418     0.573     0.208     0.573     0.208     0.000     0.000     0.000     6.000    713.56  -2654.66

  72 01C60040   703.145 -2658.215     0.559     0.203     0.559     0.203     0.000     0.000     0.000     7.000    713.56  -2654.66

  73 01C60040   703.690 -2658.018     0.545     0.197     0.545     0.197     0.000     0.000     0.000     8.000    713.56  -2654.66

  74 01C60040   704.221 -2657.825     0.531     0.192     0.531     0.192     0.000     0.000     0.000     9.000    713.56  -2654.66

  75 01C60040   704.738 -2657.637     0.517     0.188     0.517     0.188     0.000     0.000     0.000    10.000    713.56  -2654.66

  76 01C60040   705.242 -2657.454     0.504     0.183     0.504     0.183     0.000     0.000     0.000    11.000    713.56  -2654.66

  77 01C60040   693.751 -2659.992     0.492     0.178   -11.491    -3.848     0.000     0.000     0.000    12.000    725.54  -2650.63

  78 01C60040   680.474 -2659.992     0.479     0.174   -13.278    -3.530     0.000     0.000     0.000    13.000    739.30  -2646.93

  79 01C60040   675.211 -2659.992     0.467     0.169    -5.263    -1.020     0.000     0.000     0.000    14.000    745.03  -2645.74

  80 01C60040   675.666 -2659.827     0.455     0.165     0.455     0.165     0.000     0.000     0.000    15.000    745.03  -2645.74

  81 01C60040   676.110 -2659.666     0.444     0.161     0.444     0.161     0.000     0.000     0.000    16.000    745.03  -2645.74

  82 01C60040   675.164 -2659.788     0.432     0.157    -0.946    -0.122     0.000     0.000     0.000    17.000    746.41  -2645.46

  83 01C60040   673.101 -2659.992     0.421     0.153    -2.063    -0.347     0.000     0.000     0.000    18.000    748.89  -2644.96

  84 01C60040   673.511 -2659.843     0.411     0.149     0.411     0.149     0.000     0.000     0.000    19.000    749.82  -2644.96

  85 01C60040   673.912 -2659.698     0.400     0.145     0.400     0.145     0.000     0.000     0.000    20.000    750.58  -2644.96

  86 01C60040   674.302 -2659.556     0.390     0.141     0.390     0.141     0.000     0.000     0.000    21.000    751.28  -2644.96

  87 01C60040   674.682 -2659.418     0.380     0.138     0.380     0.138     0.000     0.000     0.000    22.000    751.73  -2644.96

  88 01C60040   675.053 -2659.284     0.371     0.134     0.371     0.134     0.000     0.000     0.000    23.000    752.14  -2644.96

  89 01C60040   679.711 -2658.418     4.657     0.865     4.657     0.865     0.000     0.000     0.000     0.000    752.36  -2644.96

  90 01C60040   681.350 -2658.114     4.539     0.843     1.640     0.305     0.000     0.000     0.000     1.000    755.30  -2644.42

  91 01C60040   680.990 -2658.178     4.424     0.822    -0.361    -0.064     0.000     0.000     0.000     2.000    759.73  -2643.54

  92 01C60040   681.417 -2658.096     4.312     0.801     0.428     0.082     0.000     0.000     0.000     3.000    763.28  -2642.82
